((("sudo" .
   [1 0 0 0])
  ("&&" .
   [1 0])
  ("HOME" .
   [0 0 1 0])
  ("cd" .
   [3 0])
  ("alias" .
   [4 0 0 1 0])
  ("commit" .
   [4 0 0 0 0 0])
  ("void" .
   [0 0 1 0])
  ("include" .
   [0 0 0 1 0 0 0])
  ("cons" .
   [0 0 1 0])
  ("file" .
   [7 0 0 0])
  ("and" .
   [5 0 0])
  ("rviz" .
   [1 0 0 0])
  ("for" .
   [3 0 0])
  ("/catkin_ws" .
   [0 0 0 0 1 0 1 2 0 0])
  ("/catkin_ws/devel/setup" .
   [0 0 0 0 0 0 0 0 0 0 0 0 0 1 1 0 0 0 0 0 0 0])
  ("apt-get" .
   [0 0 0 2 0 0 0])
  ("modified" .
   [0 0 0 0 0 1 0 0])
  ("bash_aliases" .
   [0 0 0 0 0 0 1 0 0 0 0 0])
  ("bashrc" .
   [0 0 1 0 1 0])
  ("setup" .
   [1 0 0 0 0])
  ("launch" .
   [0 0 0 1 0 0])
  ("cpp" .
   [1 0 0])
  ("add" .
   [1 0 0])))
